structure(list(params = structure(list(n_iters = 300, n_max_iters = 10, 
    optimize_hyperparameters = TRUE, n_hyper_iters = 20, n_burn_in = 50, 
    symmetric_alpha = FALSE, threads = 4L, seed = 1066, initial_alpha_sum = 5, 
    initial_beta = 0.01, final_ll = -72646695.9960273), .Names = c("n_iters", 
"n_max_iters", "optimize_hyperparameters", "n_hyper_iters", "n_burn_in", 
"symmetric_alpha", "threads", "seed", "initial_alpha_sum", "initial_beta", 
"final_ll")), hyper = structure(list(alpha = c(0.13311833596192, 
0.0238665468297452, 0.0759307682173512, 0.180428497263784, 0.0874347723162574, 
0.117446565556136, 0.0776619421229164, 0.0599207669968763, 0.0511599569067838, 
0.135206791158275, 0.0631254622013805, 0.10730834092071, 0.0246254518269738, 
0.0943786975835163, 0.107058592547269, 0.0389062388869883, 0.133158541893562, 
0.0160941117747418, 0.0302920816506155, 0.0509623378148671, 0.104679781485486, 
0.0510315431249788, 0.0376340176472609, 0.136036332209887, 0.0531716504496773, 
0.0366415779930402, 0.0397715674200444, 0.110940324479044, 0.0361847303083966, 
0.0506222817151664, 0.145843975225014, 0.0303033227597047, 0.0273986276780068, 
0.0342062897049671, 0.0723548303499853, 0.037035759482499, 0.0428538996340259, 
0.0622495020368549, 0.0609271472548379, 0.0786188709183037), 
    beta = 0.0612576137908424), .Names = c("alpha", "beta"))), .Names = c("params", 
"hyper"))
